
2378, 63158 
2491, 63045 
2580, 62956 
2590, 62946 
2612, 62924 
2633, 62903 
2684, 62852 
2637, 62899 
2626, 62910 
2585, 62951 
2473, 63063 
2463, 63073 
2442, 63094 
2411, 63125 
2378, 63158 
2351, 63185 
2357, 63179 
2341, 63195 
2308, 63228 
2328, 63208 
2221, 63315 
2191, 63345 
2132, 63404 
2177, 63359 
2133, 63403 
2130, 63406 
2064, 63472 
2058, 63478 
2038, 63498 
2019, 63517 
2013, 63523 
1929, 63607 
1892, 63644 
1852, 63684 
1843, 63693 
1799, 63737 
1796, 63740 
1745, 63791 
1723, 63813 
1668, 63868 
1644, 63892 
1579, 63957 
1540, 63996 
1495, 64041 
1456, 64080 
1454, 64082 
1414, 64122 
1418, 64118 
1427, 64109 
1423, 64113 
1400, 64136 
1363, 64173 
1342, 64194 
1343, 64193 
1309, 64227 
1295, 64241 
1268, 64268 
1247, 64289 
1234, 64302 
1206, 64330 
1190, 64346 
1202, 64334 
1188, 64348 
1185, 64351 
1163, 64373 
1160, 64376 
1163, 64373 
1177, 64359 
1223, 64313 
1224, 64312 
1199, 64337 
1144, 64392 
1152, 64384 
1143, 64393 
1147, 64389 
1095, 64441 
1085, 64451 
1084, 64452 
1057, 64479 
1065, 64471 
1062, 64474 
1041, 64495 
994, 64542 
977, 64559 
975, 64561 
967, 64569 
941, 64595 
948, 64588 
909, 64627 
908, 64628 
892, 64644 
870, 64666 
860, 64676 
848, 64688 
835, 64701 
834, 64702 
808, 64728 
813, 64723 
817, 64719 
794, 64742 
772, 64764 
784, 64752 
781, 64755 
780, 64756 
778, 64758 
786, 64750 
813, 64723 
805, 64731 
807, 64729 
826, 64710 
810, 64726 
797, 64739 
834, 64702 
837, 64699 
811, 64725 
824, 64712 
816, 64720 
819, 64717 
838, 64698 
846, 64690 
836, 64700 
849, 64687 
844, 64692 
806, 64730 
835, 64701 
813, 64723 
808, 64728 
801, 64735 
795, 64741 
772, 64764 
759, 64777 
768, 64768 
749, 64787 
756, 64780 
747, 64789 
777, 64759 
775, 64761 
770, 64766 
797, 64739 
791, 64745 
789, 64747 
798, 64738 
816, 64720 
822, 64714 
803, 64733 
801, 64735 
820, 64716 
795, 64741 
803, 64733 
754, 64782 
775, 64761 
785, 64751 
800, 64736 
804, 64732 
794, 64742 
801, 64735 
791, 64745 
786, 64750 
797, 64739 
771, 64765 
756, 64780 
761, 64775 
765, 64771 
743, 64793 
743, 64793 
713, 64823 
709, 64827 
689, 64847 
665, 64871 
656, 64880 
668, 64868 
675, 64861 
676, 64860 
659, 64877 
675, 64861 
670, 64866 
633, 64903 
629, 64907 
607, 64929 
628, 64908 
622, 64914 
616, 64920 
616, 64920 
595, 64941 
597, 64939 
617, 64919 
645, 64891 
675, 64861 
649, 64887 
642, 64894 
637, 64899 
643, 64893 
638, 64898 
611, 64925 
620, 64916 
617, 64919 
599, 64937 
590, 64946 
604, 64932 
595, 64941 
601, 64935 
608, 64928 
632, 64904 
648, 64888 
651, 64885 
657, 64879 
663, 64873 
673, 64863 
670, 64866 
658, 64878 
638, 64898 
646, 64890 
647, 64889 
669, 64867 
635, 64901 
613, 64923 
615, 64921 
617, 64919 
613, 64923 
626, 64910 
614, 64922 
619, 64917 
632, 64904 
625, 64911 
621, 64915 
623, 64913 
647, 64889 
648, 64888 
657, 64879 
645, 64891 
639, 64897 
644, 64892 
640, 64896 
636, 64900 
617, 64919 
615, 64921 
605, 64931 
619, 64917 
631, 64905 
640, 64896 
639, 64897 
620, 64916 
630, 64906 
632, 64904 
623, 64913 
597, 64939 
614, 64922 
611, 64925 
607, 64929 
598, 64938 
581, 64955 
596, 64940 
589, 64947 
585, 64951 
592, 64944 
570, 64966 
592, 64944 
608, 64928 
600, 64936 
597, 64939 
588, 64948 
607, 64929 
590, 64946 
585, 64951 
568, 64968 
574, 64962 
558, 64978 
549, 64987 
556, 64980 
555, 64981 
562, 64974 
544, 64992 
538, 64998 
535, 65001 
540, 64996 
552, 64984 
546, 64990 
545, 64991 
571, 64965 
583, 64953 
591, 64945 
607, 64929 
601, 64935 
614, 64922 
630, 64906 
603, 64933 
588, 64948 
608, 64928 
611, 64925 
606, 64930 
622, 64914 
613, 64923 
613, 64923 
615, 64921 
604, 64932 
601, 64935 
587, 64949 
622, 64914 
662, 64874 
634, 64902 
614, 64922 
628, 64908 
617, 64919 
640, 64896 
658, 64878 
653, 64883 
621, 64915 
625, 64911 
621, 64915 
614, 64922 
599, 64937 
623, 64913 
619, 64917 
603, 64933 
594, 64942 
590, 64946 
592, 64944 
570, 64966 
595, 64941 
580, 64956 
572, 64964 
551, 64985 
547, 64989 
576, 64960 
587, 64949 
577, 64959 
567, 64969 
565, 64971 
588, 64948 
544, 64992 
526, 65010 
553, 64983 
544, 64992 
548, 64988 
539, 64997 
550, 64986 
558, 64978 
556, 64980 
568, 64968 
569, 64967 
551, 64985 
559, 64977 
554, 64982 
531, 65005 
530, 65006 
539, 64997 
564, 64972 
562, 64974 
544, 64992 
538, 64998 
535, 65001 
544, 64992 
541, 64995 
531, 65005 
516, 65020 
515, 65021 
495, 65041 
502, 65034 
504, 65032 
514, 65022 
516, 65020 
504, 65032 
542, 64994 
521, 65015 
527, 65009 
549, 64987 
550, 64986 
548, 64988 
538, 64998 
540, 64996 
545, 64991 
554, 64982 
559, 64977 
543, 64993 
549, 64987 
537, 64999 
546, 64990 
572, 64964 
583, 64953 
570, 64966 
563, 64973 
579, 64957 
571, 64965 
546, 64990 
581, 64955 
558, 64978 
548, 64988 
552, 64984 
551, 64985 
561, 64975 
543, 64993 
573, 64963 
597, 64939 
578, 64958 
583, 64953 
572, 64964 
566, 64970 
568, 64968 
597, 64939 
570, 64966 
582, 64954 
588, 64948 
599, 64937 
591, 64945 
599, 64937 
563, 64973 
573, 64963 
578, 64958 
563, 64973 
553, 64983 
571, 64965 
576, 64960 
593, 64943 
590, 64946 
560, 64976 
559, 64977 
559, 64977 
555, 64981 
559, 64977 
576, 64960 
555, 64981 
553, 64983 
564, 64972 
556, 64980 
547, 64989 
553, 64983 
550, 64986 
524, 65012 
542, 64994 
542, 64994 
543, 64993 
524, 65012 
520, 65016 
516, 65020 
512, 65024 
471, 65065 
460, 65076 
468, 65068 
458, 65078 
463, 65073 
465, 65071 
477, 65059 
477, 65059 
472, 65064 
474, 65062 
456, 65080 
463, 65073 
458, 65078 
439, 65097 
438, 65098 
435, 65101 
443, 65093 
457, 65079 
458, 65078 
462, 65074 
453, 65083 
449, 65087 
445, 65091 
464, 65072 
470, 65066 
466, 65070 
471, 65065 
479, 65057 
471, 65065 
492, 65044 
495, 65041 
494, 65042 
511, 65025 
510, 65026 
502, 65034 
481, 65055 
473, 65063 
492, 65044 
491, 65045 
518, 65018 
533, 65003 
536, 65000 
533, 65003 
547, 64989 
525, 65011 
535, 65001 
530, 65006 
529, 65007 
517, 65019 
512, 65024 
521, 65015 
514, 65022 
503, 65033 
482, 65054 
514, 65022 
523, 65013 
532, 65004 
512, 65024 
524, 65012 
536, 65000 
512, 65024 
502, 65034 
511, 65025 
516, 65020 
525, 65011 
539, 64997 
543, 64993 
546, 64990 
551, 64985 
552, 64984 
555, 64981 
544, 64992 
542, 64994 
543, 64993 
534, 65002 
518, 65018 
505, 65031 
514, 65022 
521, 65015 
547, 64989 
576, 64960 
577, 64959 
573, 64963 
566, 64970 
556, 64980 
563, 64973 
569, 64967 
567, 64969 
576, 64960 
573, 64963 
580, 64956 
577, 64959 
568, 64968 
583, 64953 
575, 64961 
584, 64952 
597, 64939 
563, 64973 
579, 64957 
581, 64955 
603, 64933 
592, 64944 
569, 64967 
569, 64967 
526, 65010 
531, 65005 
525, 65011 
504, 65032 
526, 65010 
510, 65026 
511, 65025 
505, 65031 
515, 65021 
526, 65010 
519, 65017 
503, 65033 
487, 65049 
472, 65064 
484, 65052 
470, 65066 
472, 65064 
459, 65077 
487, 65049 
518, 65018 
525, 65011 
528, 65008 
522, 65014 
544, 64992 
560, 64976 
554, 64982 
543, 64993 
534, 65002 
540, 64996 
519, 65017 
533, 65003 
531, 65005 
504, 65032 
488, 65048 
458, 65078 
457, 65079 
476, 65060 
481, 65055 
490, 65046 
506, 65030 
500, 65036 
531, 65005 
551, 64985 
535, 65001 
